1 0.947221 0.502387 0.038241 0.153835
1 0.031569 0.435296 0.040516 0.146061
1 0.763265 0.657131 0.365774 0.292305
1 0.189098 0.666639 0.243993 0.232537
1 0.973562 0.498361 0.026216 0.134585
1 0.304692 0.590753 0.202451 0.248546
1 0.078370 0.452829 0.038145 0.143607
1 0.416406 0.577883 0.111946 0.210359
1 0.508267 0.720409 0.181859 0.167742
1 0.734649 0.482619 0.035701 0.079900
1 0.705817 0.484900 0.036114 0.072969
1 0.809465 0.484444 0.039268 0.064309
1 0.861105 0.506602 0.041248 0.060826
1 0.604019 0.478339 0.038149 0.069478
1 0.450384 0.510915 0.169763 0.108804
1 0.556510 0.472112 0.083829 0.085691
1 0.587768 0.645574 0.243824 0.299310
1 0.484628 0.497228 0.032067 0.075211
1 0.335376 0.519127 0.036560 0.047727
1 0.659366 0.493798 0.082528 0.046079