1 0.586463 0.669075 0.496414 0.632932
1 0.300006 0.334947 0.081475 0.047904
1 0.204979 0.317885 0.061431 0.068693
1 0.699037 0.376779 0.090344 0.058935
1 0.971102 0.429445 0.057150 0.165581
1 0.927620 0.428819 0.058799 0.153866
1 0.771444 0.285222 0.058394 0.043999
1 0.838039 0.331050 0.063950 0.049281
1 0.296949 0.271542 0.034077 0.028630
1 0.866346 0.374613 0.048263 0.050641
1 0.905032 0.230527 0.033136 0.046675
1 0.696005 0.274962 0.053488 0.059279
1 0.498594 0.361042 0.073524 0.050020
1 0.675627 0.324632 0.059127 0.045347
1 0.185536 0.320453 0.022412 0.054864
1 0.895712 0.278496 0.032964 0.031897
1 0.536599 0.289805 0.051324 0.080766
1 0.511498 0.303400 0.041331 0.078596
1 0.394060 0.287514 0.043311 0.031026