1 0.872101 0.784962 0.254781 0.392993
1 0.089150 0.578191 0.178300 0.569170
1 0.791469 0.701560 0.416392 0.482870
1 0.354986 0.726288 0.253176 0.378979
1 0.151720 0.702281 0.175904 0.375818
1 0.625388 0.757520 0.241876 0.374622
1 0.506638 0.764198 0.176866 0.336696
1 0.388867 0.530162 0.182366 0.207667
1 0.017780 0.351209 0.035376 0.114965
1 0.220059 0.487937 0.194889 0.248910
1 0.220013 0.620439 0.197683 0.525046
1 0.546367 0.509644 0.139254 0.147720
1 0.017808 0.466065 0.035442 0.347054
1 0.742959 0.486859 0.091097 0.067762