1 0.485987 0.617733 0.059639 0.089016
1 0.195096 0.563911 0.106448 0.084550
1 0.618429 0.662295 0.121929 0.098317
1 0.567254 0.613021 0.080077 0.090693
1 0.761793 0.683753 0.073881 0.105963
1 0.143660 0.559306 0.041333 0.072668
1 0.700245 0.606727 0.066474 0.067585
1 0.831895 0.723959 0.093305 0.181523
1 0.851105 0.725381 0.132357 0.182849
1 0.385065 0.544721 0.031318 0.053075
1 0.986356 0.707154 0.026548 0.098553
1 0.531696 0.600942 0.055879 0.083263
1 0.069378 0.530306 0.064324 0.055925
1 0.950242 0.696855 0.055115 0.100310